764
6
7
75,2
,4
7,55
6,65
55,25
,45
55,6
5,7
55,15
,35
7,5
,6
6,3
,5
6,65
7,75
75,2
,4
7,55
6,65
55,25
,45
55,6
5,7
55,15
,35
6,5
,6
6,3
,5
6,65
7,75
75,2
,4
7,55
6,65
55,25
,45
55,6
5,7
55,15
,35
7,5
,6
6,3
,5
55,65
6,75
55,2
5-5,4
5,55
6,65
55,25
5,45
45,6
5,7
5,3
,5
,65
,75
,3+65
,
,3+7
,
5-45,3
5-45,5
5,65
5-45,75
5-45,85
5-45,75
5,65
5,5
45,25
5,45
45,6
,7
,8
,7
4,6
35,45
4,2
,4
4,55
45-5,65
5,75
5,65
5,55
55,4
6,4
6,6
6,75
55-55,85
55,25
,45
,6
,7
5-45,3
5-45,5
5,65
5-45,75
5-45,85
5-45,75
5,65
5,5
45,25
5,45
45,6
,7
,8
,7
4,6
35,45
4,2
,4
,55
55,65
45,25
35,45
35,6
4-4,7
4,3
,5
,65
,75
,65+3
,
,7+35
,
5-45,3
5-45,5
5,65
5-45,75
5-45,85
5-45,75
5,65
5,5
45,25
5,45
45,6
,7
,8
,7
4,6
35,45
4,2
,4
4,55
45-5,65
5,75
5,65
5,55
55,4
6,4
6,6
6,75
55-55,85
55,25
,45
,6
,7
5-45,3
5-45,5
5,65
5-45,75
5-45,85
5-45,75
5,65
5,5
45,25
5,45
45,6
,7
,8
,7
4,6
35,45
4,2
,4
,55
55,65
45,25
35,45
35,6
4-4,7
4,3
,5
,65
,75
4,85
35,!
5,!
55,!
55,4
6,6
6,75
,85
!,95
35,!
5,!
55,!
55,25
6,45
55,6
,7
!,8
55,!
5,!
45,!
5,2
5,4
4,55
,65
!,75
5,!
45,!
4,!
5,55+2
,55+2
5,55+2
6-55,55+2
!,6+25
35
5,!
55,!
55,4
6,6
6,75
,85
!,95
6,!
7,!
6,!
55,25
,45
,6
,7
7,8
,!
55,!
55,!
5,2
,4
,55
5,65
65,75
6,65
55,55
5,4
6,5+15
,5+15
,5+15
,5+15
!,5+15
6
7,!
75,2
,4
7,55
6,65
55,25
,45
55,6
5,7
55,15
,35
7,5
,6
6,3
,5
6,65
7,75
75,2
,4
7,55
6,65
55,25
,45
55,6
5,7
55,15
,35
6,5
,6
6,3
,5
6,65
7,75
75,2
,4
7,55
6,65
55,25
,45
55,6
5,7
55,15
,35
7,5
,6
6,3
,5
55,65
6,75
55,2
5-5,4
5,55
6,65
55,25
5,45
45,6
5,7
5,4
,6
,75
,85
,4
,6
6,75
7,85
75,2
,4
7,55
6,65
55,25
,45
55,6
5,7
55,15
,35
7,5
,6
6,3
,5
6,65
7,75
75,2
,4
7,55
6,65
55,25
,45
55,6
5,7
55,15
,35
6,5
,6
6,3
,5
6,65
7,75
75,2
,4
7,55
6,65
55,25
,45
55,6
5,7
55,15
,35
7,5
,6
6,3
,5
55,65
6,75
55,2
5-5,4
5,55
6,65
55,25
5,45
45,6
5,7
5,3
,5
,65
,75
,65+3
,
,7+35
,
5-45,3
5-45,5
5,65
5-45,75
5-45,85
5-45,75
5,65
5,5
45,25
5,45
45,6
,7
,8
,7
4,6
35,45
4,2
,4
4,55
45-5,65
5,75
5,65
5,55
55,4
6,4
6,6
6,75
55-55,85
55,25
,45
,6
,7
5-45,3
5-45,5
5,65
5-45,75
5-45,85
5-45,75
5,65
5,5
45,25
5,45
45,6
,7
,8
,7
4,6
35,45
4,2
,4
,55
55,65
45,25
35,45
35,6
4-4,7
4,3
,5
,65
,75
,65+3
,
,7+35
,
5-45,3
5-45,5
5,65
5-45,75
5-45,85
5-45,75
5,65
5,5
45,25
5,45
45,6
,7
,8
,7
4,6
35,45
4,2
,4
4,55
45-5,65
5,75
5,65
5,55
55,4
6,4
6,6
6,75
55-55,85
55,25
,45
,6
,7
5-45,3
5-45,5
5,65
5-45,75
5-45,85
5-45,75
5,65
5,5
45,25
5,45
45,6
,7
,8
,7
4,6
35,45
4,2
,4
,55
55,65
45,25
35,45
35,6
4-4,7
4,3
,5
,65
,75
4,85
35,!
5,!
55,!
55,4
6,6
6,75
,85
!,95
35,!
5,!
55,!
55,25
6,45
55,6
,7
!,8
55,!
5,!
45,!
5,2
5,4
4,55
,65
!,75
5,!
45,!
4,!
5,55+2
,55+2
5,55+2
6-55,55+2
!,6+25
35
5,!
55,!
55,4
6,6
6,75
,85
!,95
6,!
7,!
6,!
55,25
,45
,6
,7
7,8
,!
55,!
55,!
5,2
,4
,55
5,65
65,75
6,65
55,55
5,4
6,5+15
,5+15
,5+15
,5+15
!,5+15
6
7,!
75,2
,4
7,55
6,65
55,25
,45
55,6
5,7
55,15
,35
7,5
,6
6,3
,5
6,65
7,75
75,2
,4
7,55
6,65
55,25
,45
55,6
5,7
55,15
,35
6,5
,6
6,3
,5
6,65
7,75
75,2
,4
7,55
6,65
55,25
,45
55,6
5,7
55,15
,35
7,5
,6
6,3
,5
55,65
6,75
55,2
5-5,4
5,55
6,65
55,25
5,45
45,6
5,7
5,4
,6
,75
,85
,75+4
,
6,75+4
7
75,55+2
,
7,75+65+55
6
55,6+25
,
55,8+7+6
5
55,5+15
,
7,7+6+5
,
6,65+3
,
6,85+75+65
7
75,55+2
,
7,75+65+55
6
55,6+25
,
55,8+7+6
5
55,5+15
,
6,7+6+5
,
6,65+3
,
6,85+75+65
7
75,55+2
,
7,75+65+55
6
55,6+25
,
55,8+7+6
5
55,5+15
,
7,7+6+5
,
6,65+3
,
55,85+75+65
6
55,55+2
5-5
5,75+65+55
6
55,6+25
5
45,8+7+6
5
5,75+4
,
,75+4
,
,75+4
,
,75+4
,
!,2
!,4
5,55
,65
45,25
,45
,6
2,7
35,15
,35
,5
1,6
15,3
1,5
35,65
25,75
4,2
25,4
5,55
,65
45,25
,45
,6
25,7
55,15
,35
,5
45,6
5,3
45,5
5,65
25,75
4,2
25,4
5,55
,65
45,25
,45
,6
25,7
35,15
,35
,5
1,6
15,3
1,5
35,65
25,75
4,2
25,4
5,55
,65
45,25
,45
,6
25,7
4,65+5+4+3
,
,
,