down: 3
4
45
5
6
75,2
,4
,6
,65
4,75
45
5
6
75,25
,45
,65
,7
9,8
85
8
85
75,3
,5
,7
,75
,85
,
,
,
!,3
,5
,7
,75
4,85
45
5
6
75,2
,4
,6
,65
4,75
45
5
6
75,25
,45
,65
,7
9,8
85
8
85
75,3
,5
,7
,75
,85
,
,
,
////////////note8up
!,3
,5
,7
,75
25,85
35
4,75
6
55,2
,4
,6
6,65
55,75
6
55,55
5
55,25
,45
,6
,7
55,8
6,7
7,6
6
////////////////end8up
7,15
,35
,5
6,6
7,7
6
7,5
9
85,3
,5
,6
,65
4,75
45
5
6
/////////////////8up
4,2
,4
,6
6,65
4+6,75
55+!
6,55
55
45,25
,45
,6
,7
55,8
5
45
5
4,3
,5
,7
,75
,85
,
,
,
/////////////////end8up
!,3
,5
,7
,75
4,85
45
5
6
75,2
,4
,6
,65
4,75
45
5,55
6
75,25
,45
,6
,7
9,8
85
8,7
85
75,3
,5
,7
,75
!,85
,7
,75
,85
5,3
,5
45,7
,75
4,85
45
5,5
6
75,2
,4
,6
,65
4,75
45
5,55
6
75,25
,45
,6
,7
9,8
85
8,7
85
75,3
,5
,7
,75
!,85
,7
,75
,85
5,3
,5
45,7
,75
////////////////8up
25
35
4,7
6
55,2
,4
,6
6,65
55,75
6
55,55
5
55,25
,45
,65
,7
55,8
6,7
7,6
6
/////////////////endup
7,15
,35
,5
6,6
7,7
6
7,5
9
85,3
,5
,6
,65
5,75
55
6,55
75
/////////////////8up
4,2
,4
,6
6,65
4+6,75
55+!
6,55
55
45,25
,45
,6
,7
55,8
5
45,7
5
4,3
,5
,7
,75
,85
,7
,75
,85
///////////////endup
5,3
,5
45,7
,75
15+5,65
2+55
25+6,6
4+75
4+75,2
,4
,6
,65
15+5
2+55
25+6,55
4+75
4+75,25
,45
,65
,7
15+5
2+55
25+6,65
5+85
4+75,3
,5
,7
,75
,85
,7
,75
,85
5+!,3
,5
45,7
,75
5
55
6,7
4+75
4+75,2
,4
,6
,65
5+!,75
55
6,55
5+75
5+75,25
,45
,6
,7
///////////////8up
4+6,8
55
6,7
7
35+6,4
,6
,8
,85
//////////////endup,n-n
,35
,25
,15
,25
//////////////n-b
55+!,4
,5
6,7
,5
4,75
45,6
5,75
6
///////////////8up
4,2
,4
,6
6,65
4+6,75
55+!
6,55
7
35+55,25
,45
,65
,7
55+!,8
6,7
7,6
6
35,15
,35
,5
25,6
35,7
25
35,5
55
/////////////////endup
85,3
,5
,6
,65
5,75
55
6,55
75
///////////////8up
4,2
,4
,6
6,65
4+6,75
55+!
6,55
55
45,25
,45
,6
,7
35+55,8
5+!
45,7
5
4,3
,5
,7
,75
,85
,
,
,75
//////////////////endup
5,3
,5
45,7
,75
4
45
5,7
6
75,2
,4
,6
,65
4,75
45
5,55
6
75,25
,45
,6
,7
9,8
85
8,7
85
,3
75,5
,7
,75
,85
,7
,75
,85
//////////////line50
5,3
,5
45,7
,75
4
45
5,7
6
75,2
,4
,6
,65
4,75
45
5,55
6
75,25
,45
,6
,7
9,8
85
8,7
85
,3
75,5
,7
,75
,85
,7
,75
,85
5,3
,5
45,7
,75
/////////////////8up
25
35
4,7
6
55,2
,4
,6
4+6,65
55+!,75
6
55,55
5
55,25
,45
,6
,7
55,8
6,7
7,6
6
///////////////////endup
7,15
,35
,5
6,6
7,7
6
7,5
9
85,3
,5
,6
,65
5,75
55
6,55
5+75
5+75,2
,4
,6
//////////////////8up
4+6,65
4+6,75
55+!
6,55
55
45,25
,45
,6
,7
55,8
5
45,7
5
,3
4,5
,7
,75
,85
,7
,75
,85
////////////////endup
5,3
,5
45,7
,75
15+5,65
2+55
25+6,6
4+75
4+75,2
,4
,6
,75
15+5
2+55
25+6,55
4+75
4+75,25
,45
,6
,7
15+5
2+55
25+6,6
5+85
,3
4+75,5
,7
,75
,85
,7
,75
,85
5+!,3
,5
45,7
,75
5
55
6,7
5+75
5+75,2
,4
,6
,65
5+!,75
55
6,55
5+75
5+75,25
,45
,6
,7
/////////////8up
4+6,8
55
6,7
35+7
,4
25+6,6
,8
,85
/////////////endup,n-n
,35
,25
,15
,25
/////////////n-b
55+!,4
,5
6,7
,5
4,75
45,5
5,75
6
////////////up8
4,2
,4
,6
4+6,65
4+6,75
55+!
6,55
35+7
,25
55+!,45
,6
,7
55,8
6,7
7,6
6
///////////endup
7,15
,35
,5
6,6
7,7
6
7,5
9
,3
85,5
,6
,65
5,75
55
6,55
5+75
5+75,2
,4
,6
////////////////up8
4+6,65
4+6,75
55+!
6,55
55
45,25
,45
,6
,7
35+55,8
5+!
45,7
5
,3
4,5
,7
,75
,85
,7
,75
,85
///////////////endup
5,3
,5
45,7
,75
5
55
6,7
5+75
5+75,2
,4
,6
75+95,65
75+95,75
9+!
95,55
9
8,25
,45
,6
,7
7+9,8
,
,
85+!
75,3
,5
,7
,75
,85
,7
,75
,85
5,25
,5
45,6
,5
35
25
2
25
05,2
,+4
0
05
15
a05
,
05
,
1,25
,
,
,
15,6
,
,45
,
2,7
,
,45
,
25
,
,
,
,
,
,
,
05,05
+15,+3
++25
+++4
,
,
,
,
,
,
,
,